13700000001
13700000002
13700000003
13700000004
13700000005
13700000006
13700000007
13700000008
13700000009
13700000010
13700000011
13700000012
13700000013
13700000014
13700000015
13700000016
13700000017
13700000018
13700000019
13700000020
13700000021
13700000022
13700000023
13700000024
13700000025
13700000026
13700000027
13700000028
13700000029
13700000030
13700000031
13700000032
13700000033
13700000034
13700000035
13700000036
13700000037
13700000038
13700000039
13700000040
13700000041
13700000042
13700000043
13700000044
13700000045
13700000046
13700000047
13700000048
13700000049
13700000050
13700000051
13700000052
13700000053
13700000054
13700000055
13700000056
13700000057
13700000058
13700000059
13700000060
13700000061
13700000062
13700000063
13700000064
13700000065
13700000066
13700000067
13700000068
13700000069
13700000070
13700000071
13700000072
13700000073
13700000074
13700000075
13700000076
13700000077
13700000078
13700000079
13700000080
13700000081
13700000082
13700000083
13700000084
13700000085
13700000086
13700000087
13700000088
13700000089
13700000090
13700000091
13700000092
13700000093
13700000094
13700000095
13700000096
13700000097
13700000098
13700000099
13700000100
13700000101
13700000102
13700000103
13700000104
13700000105
13700000106
13700000107
13700000108
13700000109
13700000110
13700000111
13700000112
13700000113
13700000114
13700000115
13700000116
13700000117
13700000118
13700000119
13700000120
13700000121
13700000122
13700000123
13700000124
13700000125
13700000126
13700000127
13700000128
13700000129
13700000130
13700000131
13700000132
13700000133
13700000134
13700000135
13700000136
13700000137
13700000138
13700000139
13700000140
13700000141
13700000142
13700000143
13700000144
13700000145
13700000146
13700000147
13700000148
13700000149
13700000150
13700000151
13700000152
13700000153
13700000154
13700000155
13700000156
13700000157
13700000158
13700000159
13700000160
13700000161
13700000162
13700000163
13700000164
13700000165
13700000166
13700000167
13700000168
13700000169
13700000170
13700000171
13700000172
13700000173
13700000174
13700000175
13700000176
13700000177
13700000178
13700000179
13700000180
13700000181
13700000182
13700000183
13700000184
13700000185
13700000186
13700000187
13700000188
13700000189
13700000190
13700000191
13700000192
13700000193
13700000194
13700000195
13700000196
13700000197
13700000198
13700000199
13700000200
13700000201
13700000202
13700000203
13700000204
13700000205
13700000206
13700000207
13700000208
13700000209
13700000210
13700000211
13700000212
13700000213
13700000214
13700000215
13700000216
13700000217
13700000218
13700000219
13700000220
13700000221
13700000222
13700000223
13700000224
13700000225
13700000226
13700000227
13700000228
13700000229
13700000230
13700000231
13700000232
13700000233
13700000234
13700000235
13700000236
13700000237
13700000238
13700000239
13700000240
13700000241
13700000242
13700000243
13700000244
13700000245
13700000246
13700000247
13700000248
13700000249
13700000250
13700000251
13700000252
13700000253
13700000254
13700000255
13700000256
13700000257
13700000258
13700000259
13700000260
13700000261
13700000262
13700000263
13700000264
13700000265
13700000266
13700000267
13700000268
13700000269
13700000270
13700000271
13700000272
13700000273
13700000274
13700000275
13700000276
13700000277
13700000278
13700000279
13700000280
13700000281
13700000282
13700000283
13700000284
13700000285
13700000286
13700000287
13700000288
13700000289
13700000290
13700000291
13700000292
13700000293
13700000294
13700000295
13700000296
13700000297
13700000298
13700000299
13700000300
13700000301
13700000302
13700000303
13700000304
13700000305
13700000306
13700000307
13700000308
13700000309
13700000310
13700000311
13700000312
13700000313
13700000314
13700000315
13700000316
13700000317
13700000318
13700000319
13700000320
13700000321
13700000322
13700000323
13700000324
13700000325
13700000326
13700000327
13700000328
13700000329
13700000330
13700000331
13700000332
13700000333
13700000334
13700000335
13700000336
13700000337
13700000338
13700000339
13700000340
13700000341
13700000342
13700000343
13700000344
13700000345
13700000346
13700000347
13700000348
13700000349
13700000350
13700000351
13700000352
13700000353
13700000354
13700000355
13700000356
13700000357
13700000358
13700000359
13700000360
13700000361
13700000362
13700000363
13700000364
13700000365
13700000366
13700000367
13700000368
13700000369
13700000370
13700000371
13700000372
13700000373
13700000374
13700000375
13700000376
13700000377
13700000378
13700000379
13700000380
13700000381
13700000382
13700000383
13700000384
13700000385
13700000386
13700000387
13700000388
13700000389
13700000390
13700000391
13700000392
13700000393
13700000394
13700000395
13700000396
13700000397
13700000398
13700000399
13700000400
13700000401
13700000402
13700000403
13700000404
13700000405
13700000406
13700000407
13700000408
13700000409
13700000410
13700000411
13700000412
13700000413
13700000414
13700000415
13700000416
13700000417
13700000418
13700000419
13700000420
13700000421
13700000422
13700000423
13700000424
13700000425
13700000426
13700000427
13700000428
13700000429
13700000430
13700000431
13700000432
13700000433
13700000434
13700000435
13700000436
13700000437
13700000438
13700000439
13700000440
13700000441
13700000442
13700000443
13700000444
13700000445
13700000446
13700000447
13700000448
13700000449
13700000450
13700000451
13700000452
13700000453
13700000454
13700000455
13700000456
13700000457
13700000458
13700000459
13700000460
13700000461
13700000462
13700000463
13700000464
13700000465
13700000466
13700000467
13700000468
13700000469
13700000470
13700000471
13700000472
13700000473
13700000474
13700000475
13700000476
13700000477
13700000478
13700000479
13700000480
13700000481
13700000482
13700000483
13700000484
13700000485
13700000486
13700000487
13700000488
13700000489
13700000490
13700000491
13700000492
13700000493
13700000494
13700000495
13700000496
13700000497
13700000498
13700000499
13700000500
13700000501
13700000502
13700000503
13700000504
13700000505
13700000506
13700000507
13700000508
13700000509
13700000510
13700000511
13700000512
13700000513
13700000514
13700000515
13700000516
13700000517
13700000518
13700000519
13700000520
13700000521
13700000522
13700000523
13700000524
13700000525
13700000526
13700000527
13700000528
13700000529
13700000530
13700000531
13700000532
13700000533
13700000534
13700000535
13700000536
13700000537
13700000538
13700000539
13700000540
13700000541
13700000542
13700000543
13700000544
13700000545
13700000546
13700000547
13700000548
13700000549
13700000550
13700000551
13700000552
13700000553
13700000554
13700000555
13700000556
13700000557
13700000558
13700000559
13700000560
13700000561
13700000562
13700000563
13700000564
13700000565
13700000566
13700000567
13700000568
13700000569
13700000570
13700000571
13700000572
13700000573
13700000574
13700000575
13700000576
13700000577
13700000578
13700000579
13700000580
13700000581
13700000582
13700000583
13700000584
13700000585
13700000586
13700000587
13700000588
13700000589
13700000590
13700000591
13700000592
13700000593
13700000594
13700000595
13700000596
13700000597
13700000598
13700000599
13700000600
13700000601
13700000602
13700000603
13700000604
13700000605
13700000606
13700000607
13700000608
13700000609
13700000610
13700000611
13700000612
13700000613
13700000614
13700000615
13700000616
13700000617
13700000618
13700000619
13700000620
13700000621
13700000622
13700000623
13700000624
13700000625
13700000626
13700000627
13700000628
13700000629
13700000630
13700000631
13700000632
13700000633
13700000634
13700000635
13700000636
13700000637
13700000638
13700000639
13700000640
13700000641
13700000642
13700000643
13700000644
13700000645
13700000646
13700000647
13700000648
13700000649
13700000650
13700000651
13700000652
13700000653
13700000654
13700000655
13700000656
13700000657
13700000658
13700000659
13700000660
13700000661
13700000662
13700000663
13700000664
13700000665
13700000666
13700000667
13700000668
13700000669
13700000670
13700000671
13700000672
13700000673
13700000674
13700000675
13700000676
13700000677
13700000678
13700000679
13700000680
13700000681
13700000682
13700000683
13700000684
13700000685
13700000686
13700000687
13700000688
13700000689
13700000690
13700000691
13700000692
13700000693
13700000694
13700000695
13700000696
13700000697
13700000698
13700000699
13700000700
13700000701
13700000702
13700000703
13700000704
13700000705
13700000706
13700000707
13700000708
13700000709
13700000710
13700000711
13700000712
13700000713
13700000714
13700000715
13700000716
13700000717
13700000718
13700000719
13700000720
13700000721
13700000722
13700000723
13700000724
13700000725
13700000726
13700000727
13700000728
13700000729
13700000730
13700000731
13700000732
13700000733
13700000734
13700000735
13700000736
13700000737
13700000738
13700000739
13700000740
13700000741
13700000742
13700000743
13700000744
13700000745
13700000746
13700000747
13700000748
13700000749
13700000750
13700000751
13700000752
13700000753
13700000754
13700000755
13700000756
13700000757
13700000758
13700000759
13700000760
13700000761
13700000762
13700000763
13700000764
13700000765
13700000766
13700000767
13700000768
13700000769
13700000770
13700000771
13700000772
13700000773
13700000774
13700000775
13700000776
13700000777
13700000778
13700000779
13700000780
13700000781
13700000782
13700000783
13700000784
13700000785
13700000786
13700000787
13700000788
13700000789
13700000790
13700000791
13700000792
13700000793
13700000794
13700000795
13700000796
13700000797
13700000798
13700000799
13700000800
13700000801
13700000802
13700000803
13700000804
13700000805
13700000806
13700000807
13700000808
13700000809
13700000810
13700000811
13700000812
13700000813
13700000814
13700000815
13700000816
13700000817
13700000818
13700000819
13700000820
13700000821
13700000822
13700000823
13700000824
13700000825
13700000826
13700000827
13700000828
13700000829
13700000830
13700000831
13700000832
13700000833
13700000834
13700000835
13700000836
13700000837
13700000838
13700000839
13700000840
13700000841
13700000842
13700000843
13700000844
13700000845
13700000846
13700000847
13700000848
13700000849
13700000850
13700000851
13700000852
13700000853
13700000854
13700000855
13700000856
13700000857
13700000858
13700000859
13700000860
13700000861
13700000862
13700000863
13700000864
13700000865
13700000866
13700000867
13700000868
13700000869
13700000870
13700000871
13700000872
13700000873
13700000874
13700000875
13700000876
13700000877
13700000878
13700000879
13700000880
13700000881
13700000882
13700000883
13700000884
13700000885
13700000886
13700000887
13700000888
13700000889
13700000890
13700000891
13700000892
13700000893
13700000894
13700000895
13700000896
13700000897
13700000898
13700000899
13700000900
13700000901
13700000902
13700000903
13700000904
13700000905
13700000906
13700000907
13700000908
13700000909
13700000910
13700000911
13700000912
13700000913
13700000914
13700000915
13700000916
13700000917
13700000918
13700000919
13700000920
13700000921
13700000922
13700000923
13700000924
13700000925
13700000926
13700000927
13700000928
13700000929
13700000930
13700000931
13700000932
13700000933
13700000934
13700000935
13700000936
13700000937
13700000938
13700000939
13700000940
13700000941
13700000942
13700000943
13700000944
13700000945
13700000946
13700000947
13700000948
13700000949
13700000950
13700000951
13700000952
13700000953
13700000954
13700000955
13700000956
13700000957
13700000958
13700000959
13700000960
13700000961
13700000962
13700000963
13700000964
13700000965
13700000966
13700000967
13700000968
13700000969
13700000970
13700000971
13700000972
13700000973
13700000974
13700000975
13700000976
13700000977
13700000978
13700000979
13700000980
13700000981
13700000982
13700000983
13700000984
13700000985
13700000986
13700000987
13700000988
13700000989
13700000990
13700000991
13700000992
13700000993
13700000994
13700000995
13700000996
13700000997
13700000998
13700000999
13700001000
13700001001
13700001002
13700001003
13700001004
13700001005
13700001006
13700001007
13700001008
13700001009
13700001010
13700001011
13700001012
13700001013
13700001014
13700001015
13700001016
13700001017
13700001018
13700001019
13700001020
13700001021
13700001022
13700001023
13700001024
13700001025
13700001026
13700001027
13700001028
13700001029
13700001030
13700001031
13700001032
13700001033
13700001034
13700001035
13700001036
13700001037
13700001038
13700001039
13700001040
13700001041
13700001042
13700001043
13700001044
13700001045
13700001046
13700001047
13700001048
13700001049
13700001050
13700001051
13700001052
13700001053
13700001054
13700001055
13700001056
13700001057
13700001058
13700001059
13700001060
13700001061
13700001062
13700001063
13700001064
13700001065
13700001066
13700001067
13700001068
13700001069
13700001070
13700001071
13700001072
13700001073
13700001074
13700001075
13700001076
13700001077
13700001078
13700001079
13700001080
13700001081
13700001082
13700001083
13700001084
13700001085
13700001086
13700001087
13700001088
13700001089
13700001090
13700001091
13700001092
13700001093
13700001094
13700001095
13700001096
13700001097
13700001098
13700001099
13700001100
13700001101
13700001102
13700001103
13700001104
13700001105
13700001106
13700001107
13700001108
13700001109
13700001110
13700001111
13700001112
13700001113
13700001114
13700001115
13700001116
13700001117
13700001118
13700001119
13700001120
13700001121
13700001122
13700001123
13700001124
13700001125
13700001126
13700001127
13700001128
13700001129
13700001130
13700001131
13700001132
13700001133
13700001134
13700001135
13700001136
13700001137
13700001138
13700001139
13700001140
13700001141
13700001142
13700001143
13700001144
13700001145